 REMETENTE: 1	MENSAGEM: msg	DATA: 2023-03-28 10:43:37.694878
 REMETENTE: 2	MENSAGEM: teste	DATA: 2023-03-28 10:43:45.610965
 REMETENTE: 3	MENSAGEM: texto	DATA: 2023-03-28 10:45:52.162670
 REMETENTE: Teste	MENSAGEM: xcjfh	DATA: 2023-03-28 11:06:24.794987
